18

+100.00 +0.0000 +0.0000
+92.38 +38.26 +0.0000
+70.71 +70.71 +0.0000
+38.26 +92.38 +0.0000

+0.0000 +100.00 +0.0000
-38.26 +92.38 +0.0000
-70.71 +70.71 +0.0000
-92.38 +38.26 +0.0000

-100.00 +0.0000 +0.0000
-92.38 -38.26 +0.0000
-70.71 -70.71 +0.0000
-38.26 -92.38 +0.0000

+0.0000 -100.00 +0.0000
+38.26 -92.38 +0.0000
+70.71 -70.71 +0.0000
+92.38 -38.26 +0.0000

+0.0000 +0.0000 +100.00
+0.0000 +0.0000 -100.00

48

0   1
1   2
2   3
3   4
4   5
5   6
6   7
7   8
8   9
9  10
10 11
11 12
12 13
13 14
14 15
15  0

16  0
16  1
16  2
16  3
16  4
16  5
16  6
16  7
16  8
16  9
16 10
16 11
16 12
16 13
16 14
16 15

17  0
17  1
17  2
17  3
17  4
17  5
17  6
17  7
17  8
17  9
17 10
17 11
17 12
17 13
17 14
17 15